# WITHOUT QUADRUPOLE 1.Energy 2.SurvivalProbability 3.LowerError 4.UpperError
1.391051e+01 3.442000e-03 1.109000e-03 7.975000e-03
1.490412e+01 8.336000e-03 4.103000e-03 1.482300e-02
1.589773e+01 6.788800e-02 5.400400e-02 8.379200e-02
1.689134e+01 2.119220e-01 1.883900e-01 2.368040e-01
1.788494e+01 5.049670e-01 4.753380e-01 5.345730e-01
1.887855e+01 7.086080e-01 6.812030e-01 7.350360e-01
1.987216e+01 8.725130e-01 8.518880e-01 8.913940e-01
2.086577e+01 9.470110e-01 9.327050e-01 9.592280e-01
2.185938e+01 9.768000e-01 9.667880e-01 9.845940e-01
2.285298e+01 9.916640e-01 9.851770e-01 9.958970e-01
2.384659e+01 9.965570e-01 9.920240e-01 9.988900e-01
2.484020e+01 9.965570e-01 9.920240e-01 9.988900e-01
2.583381e+01 9.965570e-01 9.920240e-01 9.988900e-01


# WITH QUADRUPOLE 1.Energy 2.SurvivalProbability 3.Error
1.391051e+01 0.000000e+00 1.410687e-03
1.490412e+01 1.000000e-03 1.725717e-03
1.589773e+01 1.700000e-02 4.303258e-03
1.689134e+01 1.710000e-01 1.192462e-02
1.788494e+01 4.630000e-01 1.574478e-02
1.887855e+01 7.150000e-01 1.426652e-02
1.987216e+01 8.510000e-01 1.128718e-02
2.086577e+01 9.470000e-01 7.185498e-03
2.185938e+01 9.740000e-01 5.199684e-03
2.285298e+01 9.940000e-01 2.808688e-03
2.384659e+01 9.970000e-01 2.224474e-03
2.484020e+01 1.000000e+00 1.410687e-03
2.583381e+01 1.000000e+00 1.410687e-03
