# 1.H2SO4Concentration 2-5.HOMConcentration at (2) 15kcal/mol, (3) 20kcal/mol, (4) 25kcal/mol (5) 30kcal/mol
1.000000e+06 6.309573e+17 2.064436e+15 5.959506e+12 5.016854e+09
3.162278e+06 6.309573e+17 1.662086e+15 4.869206e+12 1.777474e+09
1.000000e+07 6.309573e+17 1.662086e+15 2.213796e+12 5.718610e+08
3.162278e+07 6.309573e+17 1.341056e+15 7.190870e+11 2.667571e+08
1.000000e+08 6.309573e+17 8.786598e+14 2.103942e+11 0.000000e+00
3.162278e+08 5.023426e+17 3.166530e+14 6.691846e+10 0.000000e+00
1.000000e+09 3.767569e+17 9.937535e+13 2.300673e+10 0.000000e+00
3.162278e+09 1.662086e+17 2.800225e+13 7.419383e+09 0.000000e+00
1.000000e+10 5.805621e+16 1.012820e+13 2.305060e+09 0.000000e+00
